[{"data":"+Hooshnic:V1.06,3556.27680,05003.9190,000,260224,052019,000,000,0,3,1,861826074262144"}]
......

[{"data":"+Hooshnic:V1.07,3558.49300,05008.0972,000,260224,050306,000,000,1,3,1,863070043373009"},{"data":"+Hooshnic:V1.07,3558.49300,05008.0972,000,260224,050307,000,000,1,3,1,863070043373009"},{"data":"+Hooshnic:V1.07,3558.49300,05008.0972,000,260224,050302,000,000,1,3,1,863070043373009"},{"data":"+Hooshnic:V1.07,3558.49300,05008.0972,000,260224,050303,000,000,1,3,1,863070043373009"},{"data":"+Hooshnic:V1.07,3558.49300,05008.0972,000,260224,050304,000,000,1,3,1,863070043373009"},{"data":"+Hooshnic:V1.07,3558.49300,05008.0972,000,260224,050305,000,000,1,3,1,863070043373009"}]
..............................

[{"data":"+Hooshnic:V1.06,3556.89710,05004.1183,000,260224,045140,008,000,1,3,1,867994064030931"}{"data":"+Hooshnic:V1.06,3557.30520,05004.0061,000,260224,044121,004,000,1,3,1,867994064030931"}{"data":"+Hooshnic:V1.06,3557.37710,05004.0124,000,260224,043420,000,000,1,3,1,867994064030931"}{"data":"+Hooshnic:V1.06,3557.36190,05004.0368,000,260224,043113,004,000,1,3,1,867994064030931"}{"data":"+Hooshnic:V1.06,3557.27590,05004.0527,000,260224,042952,008,000,1,3,1,867994064030931"}{"data":"+Hooshnic:V1.06,3557.20060,05004.0427,000,260224,042804,000,000,1,3,1,867994064030931"}{"data":"+Hooshnic:V1.06,3557.20220,05003.9951,000,260224,042546,000,174,1,3,1,867994064030931"}{"data":"+Hooshnic:V1.06,3557.22760,05003.9857,000,260224,042202,004,000,1,3,1,867994064030931"}{"data":"+Hooshnic:V1.06,3557.24940,05003.9974,000,260224,042112,002,000,1,3,1,867994064030931"}{"data":"+Hooshnic:V1.06,3557.24990,05004.0206,000,260224,041813,008,000,1,3,1,867994064030931"}{"data":"+Hooshnic:V1.06,3556.33010,05003.8336,000,260224,035905,000,000,1,3,1,867994064030931"}{"data":"+Hooshnic:V1.06,3556.33010,05003.8336,000,260224,035843,000,000,1,3,1,867994064030931"}{"data":"+Hooshnic:V1.06,3556.33180,05003.8337,000,260224,035800,004,000,1,3,1,867994064030931"}{"data":"+Hooshnic:V1.06,3556.27880,05003.9093,000,260224,035515,000,000,1,3,1,867994064030931"}{"data":"+Hooshnic:V1.06,3556.27010,05003.9197,000,260224,035058,000,000,1,3,1,867994064030931"}]......................................................................................................................................................................................................................................................................................................................................................................................................................................................................................................................................................................................................................................................................................................................................................................................

[{"data":"+Hooshnic:V1.07,3557.49830,05006.6209,000,260131,091810,002,006,1,3,1,867717034651472"},{"data":"+Hooshnic:V1.07,3557.49870,05006.6207,000,260131,091811,002,000,1,3,1,867717034651472"},{"data":"+Hooshnic:V1.07,3557.49910,05006.6205,000,260131,091812,002,000,1,3,1,867717034651472"},{"data":"+Hooshnic:V1.07,3557.49950,05006.6202,000,260131,091813,002,006,1,3,1,867717034651472"},{"data":"+Hooshnic:V1.07,3557.49990,05006.6200,000,260131,091814,002,000,1,3,1,867717034651472"},{"data":"+Hooshnic:V1.07,3557.49830,05006.6209,000,260131,091810,002,006,1,3,1,867717034651472"},{"data":"+Hooshnic:V1.07,3557.50090,05006.6197,000,260131,091816,002,007,1,3,1,867717034651472"},{"data":"+Hooshnic:V1.07,3557.50130,05006.6195,000,260131,091817,002,000,1,3,1,867717034651472"},{"data":"+Hooshnic:V1.07,3557.50180,05006.6193,000,260131,091818,002,000,1,3,1,867717034651472"},{"data":"+Hooshnic:V1.07,3557.49950,05006.6202,000,260131,091813,002,007,1,3,1,867717034651472"},{"data":"+Hooshnic:V1.07,3557.50260,05006.6190,000,260131,091820,002,000,1,3,1,867717034651472"},{"data":"+Hooshnic:V1.07,3557.50090,05006.6197,000,260131,091816,002,007,1,3,1,867717034651472"},{"data":"+Hooshnic:V1.07,3557.50320,05006.6186,000,260131,091822,002,002,1,3,1,867717034651472"},{"data":"+Hooshnic:V1.07,3557.50130,05006.6195,000,260131,091817,002,000,1,3,1,867717034651472"},{"data":"+Hooshnic:V1.07,3557.50180,05006.6193,000,260131,091818,002,000,1,3,1,867717034651472"},{"data":"+Hooshnic:V1.07,3557.50220,05006.6192,000,260131,091819,002,002,1,3,1,867717034651472"},{}]................................

[]......

[{"data":"863070046119607,+MZKR:V0.0,"}]........